[gd_scene load_steps=15 format=2]

[ext_resource path="res://TestMaterial/TestScene.cs" type="Script" id=1]
[ext_resource path="res://TestMaterial/default_env.tres" type="Environment" id=2]
[ext_resource path="res://Scenes/Player/Player.tscn" type="PackedScene" id=3]
[ext_resource path="res://TestMaterial/metalicFloorThing.tres" type="Material" id=4]


[sub_resource type="PlaneMesh" id=1]

[sub_resource type="PhysicsMaterial" id=2]
bounce = 0.1

[sub_resource type="ConvexPolygonShape" id=3]
points = PoolVector3Array( 1, 0, 1, -1, 0, 1, 1, 0, -1, -1, 0, -1 )

[sub_resource type="SpatialMaterial" id=4]
albedo_color = Color( 0.109804, 0.0862745, 0.0862745, 1 )
metallic = 0.1
roughness = 0.26

[sub_resource type="CubeMesh" id=5]
material = SubResource( 4 )
size = Vector3( 1, 1, 1 )

[sub_resource type="PhysicsMaterial" id=6]
bounce = 2.0

[sub_resource type="ConvexPolygonShape" id=7]
points = PoolVector3Array( -0.5, 0.5, 0.5, 0.5, 0.5, -0.5, 0.5, 0.5, 0.5, -0.5, 0.5, -0.5, -0.5, -0.5, 0.5, 0.5, -0.5, -0.5, 0.5, -0.5, 0.5, -0.5, -0.5, -0.5, 0.5, 0.5, 0.5, -0.5, 0.5, -0.5, 0.5, 0.5, -0.5, -0.5, 0.5, 0.5, 0.5, -0.5, 0.5, -0.5, -0.5, -0.5, 0.5, -0.5, -0.5, -0.5, -0.5, 0.5, 0.5, 0.5, 0.5, -0.5, -0.5, 0.5, -0.5, 0.5, 0.5, 0.5, -0.5, 0.5, 0.5, 0.5, -0.5, -0.5, -0.5, -0.5, -0.5, 0.5, -0.5, 0.5, -0.5, -0.5 )

[sub_resource type="CubeMesh" id=8]

[sub_resource type="ConvexPolygonShape" id=9]
points = PoolVector3Array( -1, 1, 1, 1, 1, -1, 1, 1, 1, -1, 1, -1, -1, -1, 1, 1, -1, -1, 1, -1, 1, -1, -1, -1, 1, 1, 1, -1, 1, -1, 1, 1, -1, -1, 1, 1, 1, -1, 1, -1, -1, -1, 1, -1, -1, -1, -1, 1, 1, 1, 1, -1, -1, 1, -1, 1, 1, 1, -1, 1, 1, 1, -1, -1, -1, -1, -1, 1, -1, 1, -1, -1 )

[sub_resource type="BoxShape" id=10]
extents = Vector3( 125.569, 53.4399, 136.37 )

[node name="TestScene" type="Area"]
space_override = 2
script = ExtResource( 1 )
__meta__ = {
"_edit_lock_": true
}

[node name="WorldEnvironment" type="WorldEnvironment" parent="."]
environment = ExtResource( 2 )

[node name="Player" parent="." instance=ExtResource( 3 )]
transform = Transform( -0.972964, 0, 0.230955, 0, 1, 0, -0.230955, 0, -0.972964, 0, 1.94089, 0 )

[node name="DirectionalLight" type="DirectionalLight" parent="."]
transform = Transform( 0.770935, -0.636499, 0.0230081, -0.547262, -0.643505, 0.535169, -0.325829, -0.425172, -0.844432, 5.75243, 17.8084, -51.4644 )
light_bake_mode = 2
shadow_enabled = true
directional_shadow_blend_splits = true
directional_shadow_normal_bias = 0.2
directional_shadow_bias_split_scale = 0.15
directional_shadow_depth_range = 1

[node name="Floor" type="MeshInstance" parent="."]
transform = Transform( 48.8432, 0, 0, 0, 48.8432, 0, 0, 0, 48.8432, 0.00427747, -0.00455737, -0.0199385 )
mesh = SubResource( 1 )
material/0 = ExtResource( 4 )
__meta__ = {
"_edit_lock_": true
}

[node name="StaticBody" type="StaticBody" parent="Floor"]
physics_material_override = SubResource( 2 )
__meta__ = {
"_edit_lock_": true
}

[node name="CollisionShape" type="CollisionShape" parent="Floor/StaticBody"]
shape = SubResource( 3 )
__meta__ = {
"_edit_lock_": true
}

[node name="Boxm1" type="MeshInstance" parent="."]
transform = Transform( 0.986848, 0.161288, 0.0107894, -0.161393, 0.986843, 0.00966452, -0.00908871, -0.0112787, 0.999895, 5.31364, 0.461629, -7.70063 )
mesh = SubResource( 5 )
material/0 = null

[node name="StaticBody2" type="StaticBody" parent="Boxm1"]
physics_material_override = SubResource( 6 )

[node name="CollisionShape" type="CollisionShape" parent="Boxm1/StaticBody2"]
shape = SubResource( 7 )

[node name="Boxm2" type="MeshInstance" parent="."]
transform = Transform( 0.914643, 0, -0.404262, 0.0734533, 0.983355, 0.166188, 0.397533, -0.181697, 0.899418, 7.25768, 1.12144, -5.81221 )
mesh = SubResource( 8 )
material/0 = null

[node name="StaticBody" type="StaticBody" parent="Boxm2"]

[node name="CollisionShape" type="CollisionShape" parent="Boxm2/StaticBody"]
shape = SubResource( 9 )

[node name="CollisionShape" type="CollisionShape" parent="."]
shape = SubResource( 10 )

[node name="Objects" type="Node" parent="."]

[connection signal="body_exited" from="." to="." method="OnBodyExited"]
